local args = {
    [1] = "\230\147\141\228\189\160\240\159\146\166\240\159\146\148\240\159\141\145\240\159\145\140\240\159\146" ..
        "\166\230\147\141\228\189\160\240\159\146\166\240\159\146\148\240\159\141\145\240\159\145" ..
        "\140\240\159\146\166\240\159\146\148\240\159\141\145\240\159\145\140\240\159\146\166" ..
        "\240\159\146\148\240\159\141\145\240\159\145\140\240\159\146\148\240\159\141\145\240\159" ..
        "\145\140\240\159\146\166\240\159\146\148\240\159\141\145\240\159\145\140",
    [2] = "One",
    [3] = "Down",
    [4] = CFrame.new(-513.703857421875, 61.5, 993.4563598632812, 0.8914890289306641, 0.13664299249649048, -0.43194451928138733, -0, 0.9534308314323425, 0.3016119599342346, 0.4530423581600189, -0.26888376474380493, 0.8499730825424194),
    [6] = CFrame.new(-527.992431640625, 71.4774398803711, 1021.5738525390625, 1, 0, 0, 0, 0.9659265279769897, 0.2588162124156952, 0, -0.2588162124156952, 0.9659265279769897),
    [7] = Vector3.new(-527.992431640625, 65.24220275878906, 1009.499755859375)
}

game:GetService("Players").LocalPlayer.Character.Remotes.KeyEvent:FireServer(unpack(args))
wait(1)
local args = {
    [1] = "\230\147\141\228\189\160\240\159\146\166\240\159\146\148\240\159\141\145\240\159\145\140\240\159\146" ..
        "\166\230\147\141\228\189\160\240\159\146\166\240\159\146\148\240\159\141\145\240\159\145" ..
        "\140\240\159\146\166\240\159\146\148\240\159\141\145\240\159\145\140\240\159\146\166" ..
        "\240\159\146\148\240\159\141\145\240\159\145\140\240\159\146\148\240\159\141\145\240\159" ..
        "\145\140\240\159\146\166\240\159\146\148\240\159\141\145\240\159\145\140",
    [2] = "E",
    [3] = "Down",
    [4] = CFrame.new(-513.7947387695312, 61.5, 993.4530029296875, 0.8926918506622314, 0.13609261810779572, -0.42962783575057983, -0, 0.9533143043518066, 0.30198004841804504, 0.4506675601005554, -0.2695751190185547, 0.8510159254074097),
    [6] = CFrame.new(-527.992431640625, 71.47862243652344, 1021.5738525390625, 1, 0, 0, 0, 0.9659265279769897, 0.2588162124156952, 0, -0.2588162124156952, 0.9659265279769897),
    [7] = Vector3.new(-527.992431640625, 65.2433090209961, 1009.499755859375)
}

game:GetService("Players").LocalPlayer.Character.Remotes.KeyEvent:FireServer(unpack(args))
